Time,latitude,longitude,depth,fixed_state
20220715_011008,0.000447,0.000258,5.000,0
20220715_011008,37.431207,-122.172384,5.000,0
20220715_011008,37.431218,-122.172370,5.000,1
20220717_084328,37.431218,-122.172370,5.000,1
20220717_084328,37.431217,-122.172408,5.000,0
20220717_084328,37.431221,-122.172378,5.000,1
20220719_161648,37.431221,-122.172378,5.000,1
20220719_161648,37.431222,-122.172383,5.000,0
20220719_161648,37.431224,-122.172387,5.000,1
20220721_235008,37.431224,-122.172387,5.000,1
20220721_235008,37.431209,-122.172396,5.000,0
20220721_235008,37.431226,-122.172395,5.000,1
20220724_072328,37.431226,-122.172395,5.000,1
20220724_072328,37.431240,-122.172395,5.000,0
20220724_072328,37.431229,-122.172404,5.000,1
20220724_072328,37.431114,-122.173445,5.000,1
